11010
11010
11010
11010
11010
11010
11010
11010
11010
11010
11010
11010
11010
11010
11010
11010
11010
11010
11010
11010
11010
11010
11010
11010
11010
11010
11010
11010
11010
11010
11010
11010
11010
11010
11010
11010
11010
11010
11010
11010
11010
11010
11010
11010
11010
11010
11010
11010
11010
11010
11010
11010
11010
11010
11010
11010
11010
11010
11010
11010
11010
11010
11010
11010
11010
11010
11010
11010
11010
11010
11010
11010
11010
11010
11010
11010
11010
11010
11010
11010
11010
11010
11010
11010
11010
11010
11010
11010
11010
11010
11010
11010
11010
11010
11010
11010
11010
11010
11010
11010
11010
11010
11010
11010
11010
11010
11010
11010
11010
11010
11010
11010
11010
11010
11010
11010
11010
11010
11010
11010
11010
11010
11010
11010
11010
11010
11010
11010
11010
11010
10110
00111
11001
11101
11101
11101
11111
11101
11101
10010
10001
10010
10001
00110
11011
00011
00010
01110
00001
01110
01111
01110
01101
01110
00110
00010
11110
00011
00010
00010
11100
01011
11110
10111
11101
00011
01101
00011
11011
01010
00011
00101
11011
11000
01010
00101
10101
11011
00101
10011
10101
01100
01011
01011
10111
00100
01011
10101
10100
01011
10110
10101
01101
00000
10101
11110
01011
10011
10011
01011
10011
11001
10101
10011
11111
11011
10100
10011
01000
11111
00111
00100
10111
10110
01111
11011
11111
00011
00000
01011
11011
01011
11111
10000
01111
01011
00011
01011
11111
01100
01011
11101
01011
11111
10111
00011
01011
11011
00011
01111
10011
01001
00011
01011
01011
10000
00011
01011
01011
01011
01011
01011
11011
01011
01011
10011
01011
11011
01011
01011
01011
11011
01111
01011
01011
01011
01011
01011
01011
01011
10011
00011
01011
10011
00011
01011
11011
11110
01011
01000
11011
01011
01011
00011
00110
01011
10011
01111
00011
00011
01111
01111
01111
01111
01001
01001
01011
01001
00111
10010
00011
01111
01111
00111
10111
01011
01011
11011
01111
00111
01111
01011
01111
10011
00011
11011
11011
01111
01111
01111
10011
11011
00111
01111
01011
01011
01111
11111
10010
11011
10011
01111
01111
00011
00111
11011
01011
11111
11111
01011
01011
01011
11111
00011
01111
11011
11011
10011
01111
10011
11111
00011
01011
11011
11011
00011
01011
01011
11011
01011
01111
01111
01111
01111
01011
10011
01011
11011
01011
01011
00011
01111
01111
00011
01011
01011
01111
01111
01011
10011
10011
01011
01011
01111
01011
01111
01011
01011
10011
01011
01111
01011
01011
01111
11011
11011
01111
01111
01111
01111
01011
01011
01011
01011
01011
01111
00111
01111
01011
01011
11011
01011
01011
01111
01011
11011
01011
01011
11011
11011
11011
01111
10011
11011
01111
01111
01111
01011
11111
11011
01111
01011
01111
01111
01011
01111
10011
01111
01111
01111
01111
01111
01111
10011
10011
01111
00011
00011
01111
10011
01111
01011
01111
01011
01011
11011
01011
01011
01011
01111
11011
01011
01011
01111
01111
11011
01111
11011
11011
01111
01111
01011
10011
01111
01111
01111
01111
01011
01111
01111
01111
01111
01111
01111
01111
01111
11011
01111
01011
01111
01011
01111
01111
01111
10111
01111
01111
11011
11011
11011
01111
11011
11011
01111
01111
01111
11011
01011
01111
01011
01011
11011
01011
01111
01111
01111
01111
01111
01111
01111
01111
01111
01111
01111
01111
11011
01111
01111
01011
01111
01011
01111
01011
11011
01111
11011
11011
01111
01111
01111
11011
01011
01111
01111
01111
01011
01111
01111
01011
01111
01111
01111
01111
01111
01111
01111
01111
01111
01111
01111
11011
01111
01111
01111
11011
01111
01111
01111
01111
11011
01111
01111
01111
01111
01111
01111
01111
01111
01111
01111
01111
01011
01111
01111
01111
11011
01011
01111
01111
11011
11011
01011
01111
01111
11011
01111
01111
01011
01111
01111
01111
01111
01111
01111
01111
01111
01111
01111
01111
01111
11011
01111
01111
01111
11011
01011
01011
01011
01111
01111
01111
01111
01111
01111
01111
01111
11011
11011
01111
01011
01111
01111
01111
01111
01111
01111
01111
01111
01111
01111
01111
01111
01111
01011
01111
01111
01111
11011
01111
11011
01111
01111
01111
01111
01111
01111
01111
11011
01011
01111
01111
01111
01111
01111
01111
01111
01111
01111
01111
11011
01111
01111
11011
01111
01111
11011
01111
01111
11011
11011
01111
01111
01111
01111
01111
01111
01111
01111
01111
01111
01111
01111
01111
01111
11011
01111
01111
01111
01111
01111
01111
01011
01111
11011
01111
01111
01111
11011
01111
01111
01011
01111
01111
01111
01111
01111
01111
01111
01111
01111
01011
01111
01111
01111
01111
01111
01111
11011
11011
11011
01111
01111
01111
01111
01111
01111
01111
01111
01111
01111
01111
11011
01011
11011
01111
01111
01111
01111
01111
01111
01111
01111
01111
01111
01111
01111
01111
01111
01111
01111
11011
01111
01111
01111
01111
01111
01111
01111
01111
01111
01111
11011
01111
01111
01111
01111
01111
01111
01111
01111
01111
01111
01111
01111
01111
01111
01111
01111
01111
01111
01111
01111
01111
01111
01111
01111
01111
01111
11011
01111
01111
01111
11011
01111
01111
01111
11011
01111
01111
01111
01111
01111
01111
01111
01111
01111
01111
01111
01111
01111
01111
01111
01111
01111
01111
01111
01111
01111
01111
01111
11011
01111
01111
01111
11011
01111
11011
01111
01111
01111
11011
01111
01111
01111
01111
01111
01111
01111
01111
01111
01111
01111
01111
01011
01111
01111
01011
01111
01111
11011
01111
01111
01111
01111
01111
01111
01111
01111
01111
01111
01111
01111
01111
01111
01111
11011
01111
01111
01111
11011
01111
01111
01111
01111
01111
01111
11011
01111
01111
01111
11011
01111
01111
01111
01111
01111
01111
01111
01111
01111
01111
01111
11011
01111
01111
01111
01111
01111
01111
01111
01111
11011
11011
11011
01111
11011
11011
01111
01111
01111
11011
01111
01111
01111
01111
01111
01111
01111
01111
01111
01111
01111
01111
01111
01111
01111
01111
01111
01111
01111
01111
01111
01111
01111
01111
01111
01111
01111
01111
11011
01111
01111
01111
01111
01111
01111
01111
01111
01111
01111
01111
01111
01111
01111
01111
01111
01111
01111
01111
01111
01111
01111
01111
01111
01111
11011
01111
01111
01111
11011
01111
01111
01111
01111
01111
01111
01111
01111
01111
01111
01111
01111
01111
01111
01111
01111
01111
01111
01111
01111