11110
11110
11110
11110
11110
11110
11110
11110
11110
11110
11110
11110
11110
11110
11110
10011
10011
10011
10011
11110
11110
11110
11110
11110
11110
11110
11110
11110
11110
11110
10011
10011
10011
10011
10011
10011
10011
10011
10011
10011
10011
10011
10011
10011
10011
10011
10011
10011
10011
10011
10011
10011
10011
10011
10011
10011
10011
10011
10011
10011
10011
10011
10011
11011
11011
11011
11011
11011
11011
11011
11011
11011
11011
11011
11011
11011
11011
11011
11011
11011
11011
00010
00010
11011
11011
11011
11011
11011
11011
11011
11011
11011
11011
11011
11011
11011
11011
11011
11011
11011