00111
00111
00111
00111
00111
00111
00111
00111
00111
00111
00111
00111
00111
00111
00111
00111
00111
00111
00110
00110
00110
00110
00110
00110
00110
00110
00110
00110
00110
00110
00110
00110
00110
00110
00110
00110
00110
00110
00110
00110
00110
00110
00110
00110
00110
00110
00110
00110
00100
00110
00100
00110
00100
00110
00100
00110
00100
00110
00100
00110
00110
00100
00110
00100
00110
00100
00110
00100
00110
00100
00110
00100
00110
00100
00110
00100
00110
00100
00110
00100
00110
00100
00110
00110
00100
00110
00100
00110
00100
00110
00100
00110
00100
00110
00100
00110
00100
00110
00100
00110
00100
00110
00100
00110
00100
00110
00110
00100
00110
00100
00110
00100
00110
00100
00110
00100
00110
00100
00110
00100
00110
00100
00110
00100
00110
00100
00110
00100
00110
00110
10000
11000
11111
11000
10011
00001
01100
00110
10000
11111
10000
10101
01101
00100
11111
10101
00011
10110
01010
11101
01111
11011
00000
10111
10110
10111
01000
10110
10101
00001
11100
11011
10000
10101
00001
11101
10000
10101
00111
11110
00011
00011
00001
10111
10111
10111
00110
00110
10011
11101
11101
01000
11011
01001
11011
01000
01000
10001
01101
10101
10001
10001
10101
01001
00111
00001
11100
01100
10001
11100
10110
01011
01010
01010
00111
11100
01100
00001
00001
11011
00001
11010
11110
00001
10101
11100
00001
10101
11101
01111
10101
10101
10101
10101
11010
10110
10100
10101
01011
01011
11001
01110
01011
00011
11011
11001
10101
10110
10101
10101
10101
10100
10101
11101
01101
10101
10101
10101
10101
10101
10101
10101
00110
11101
10101
10101
10101
10101
11001
11101
10101
11101
11101
00110
00110
10101
11101
00110
10101
11101
11101
11100
11101
10101
11101
11101
11101
11101
00110
11101
11101
11101
10101
10100
11101
01010
00110
00110
00110
10101
00110
01010
10101
00110
00110
00110
00110
00110
00110
00110
00110
11001
00110
00110
00110
00110
11001
00110
11110
11110
00110
00110
00110
11110
11110
00110
00110
00110
00110
00110
11110
00110
11110
00110
00110
00110
00110
00110
00110
00110
00110
00110
00110
11110
00110
00110
00110
00110
11110
00110
11110
11110
10010
11110
11110
11110
00010
11110
01100
11110
11110
10110
10010
10010
11100
10110
10110
00000
00000
10110
00000
00000
01101
00000
00000
00000
00000
00000
00000
00000
00000
00000
00000
00000
00000
00000
00000
00000
00000
00000
00000
00000
00000
00000
00000
00000
00000
00000
00000
11101
00000
00000
00000
00000
00000
00000
00000
00000
00000
00000
00000
00000
00000
00000
00000
00000
00000
00000
01101
00000
00000
00000
00000
00000
00000
00000
00000
10100
00000
00000
00000
00000
00000
00000
00000
00000
00000
00000
00000
00000
00000
00000
00000
00000
00000
00000
00000
00000
00000
00000
00000
00000
00000
11000
00000
00000
01101
00000
00000
00000
00010
00000
00000
00000
00000
00000
00000
00000
00000
00011
00000
00000
00000
00000
00000
00000
00000
00000
00000
00010
00000
00110
00010
00000
00000
00000
00110
00010
00010
00011
00010
00010
01010
01010
00011
00011
00010
00010
00011
00011
00010
00011
00010
00011
00011
01101
01100
00011
00011
00011
00011
00011
00011
00011
01101
11101
00011
00011
10110
00101
01101
00011
10110
00011
00101
00011
10010
00011
00101
00011
00000
00010
00011
00000
00011
00010
00000
00010
00000
00010
00000
00010
00010
00010
00000
00010
00010
00010
00010
00010
00010
00010
00010
00010
00010
00010
00010
00010
00010
00010
00010
00011
00010
01001
00010
00010
00010
00010
00010
00010
00010
00010
00010
00010
00010
00010
00010
00010
00010
00010
00010
00010
00010
00010
00010
00010
00010
00010
00010
00010
00010
00010
00010
00010
00010
00010
00010
00010
00010
00010
00010
00010
00010
00010
00010
00010
00010
00010
00010
00010
00010
00010
00010
00010
00010
00010
00010
00010
00010
00010
00010
10100
00010
00101
00010
00010
00010
00010
00010
00010
00010
00010
00011
00010
00010
00010
00010
00010
00010
00010
00010
00010
00010
00101
00011
00010
00010
01101
00010
00010
00010
00010
00010
00010
00010
00010
00011
00010
00110
00010
00010
00010
00010
00010
00010
00011
00010
00010
00010
01101
00010
00011
00011
00010
00010
00010
00010
00010
00010
00010
10011
00010
00010
00101
00010
00010
00010
00010
00010
00011
00010
00010
00010
00110
00011
00010
00010
01101
00010
00010
00010
00010
00010
00010
00010
00010
00010
00010
00010
00010
00010
00010
00010
00010
00010
00010
00010
00010
00010
00010
00010
00010
00011
00010
00011
00010
00010
00010
00010
00010
00011
00010
00010
00010
00010
00010
00010
00010
00010
00010
01101
00010
01101
00010
00010
00010
00010
00010
00010
11001
00010
00010
00010
00010
00101
00010
00010
00010
00010
00010
00010
00010
00010
00010
00010
00010
00010
00010
00010
01101
00010
00010
00010
00010
00010
00010
00010
00010
00010
00010
00010
00010
00010
00010
00010
00010
00010
00010
10100
00101
00010
00010
01101
00010
00010
00010
00010
00010
00010
00010
00010
00010
00010
00010
00010
00010
00010
01101
00010
00010
00010
00010
00010
00010
01101
00010
00010
00010
00010
01101
00010
00010
00010
00010
00010
00010
00010
00010
00010
00010
00010
10100
00101
00010
10110
00010
00010
00010
10101
00010
00010
00010
00010
00010
00010
00010
00010
00010
00010
00010
00010
00010
00010
00010
11001
00010
00010
00010
00010
00010
00010
00010
00010
00010
00010
00010
00010
00010
00010
00010
11001
00010
00010
00010
00010
00010
11001
00010
00010
00010
00010
00010
00010
00010
00010
00010
00010
00010
00010
00010
00010
01101
00010
00010
00010
00010
00010
01101
10100
11001
00010
00010
00010
00010
00010
00010
00010
00010
00010
01101
00010
00010
00010
00010
00010
00010
00010
01101
00010
00010
00010
00010
00010
10100
01101
00010
00010
00010
00010
00010
00010
00010
00010
01101
00010
00010
00010
00010
00010
00010
10100
01101
00010
00010
00010
00010
00010
00010
00010
00010
00010
00010
00010
00010
11001
00010
00010
00010
00010
00010
00010
00010
00010
00010
00010
00010
00010
00010
00010
00010
11001
00010
00010
00010
00010
00010
11001
00010
00010
00010
00010
00010
00010
00010
00101
00010
00010
00010
00010
01101
00010
00010
00010
00010
00010
00010
00010
00010
00010
00010
00010
00010
00010
00010
11001
00010
01101
00010
00010
11001