00010
00010
00010
00010
00010
00010
00010
00010
00010
00010
00010
00010
00010
00010
10000
10000
10000
10000
10000
10000
10000
10000
10000
10000
10000
10000
10000
10000
10000
00010
10111
10111
10111
10111
10111
10111
10111
10111
11001
11001
11001
11001
11001
10111
11001
11001
11001
11001
10111
11001
11001
10111
11001
11001
10111
11001
10111
11001
11001
11001
11001
11001
11001
11001
11001
11001
11001
11001
11001
11001
11001
11001
11001
11001
11001
11001
11001
11001
11001
11001
11001
11001
11001
11001
11001
11001
11001
11001
11001
11001
11001
11001
11001
11001
11001
11001
11001
11001
11001
11001