01110
01110
01110
01110
01110
10011
10011
10011
10011
10011
10011
00001
10011
00001
10011
00010
00001
00001
00001
00001
00001
00001
00001
00001
00001
00001
00001
00001
00001
00001
00001
00001
00001
00001
00001
00001
00001
00001
00001
00001
00001
00001
00001
00001
00001
00001
00001
00001
00001
00001
01110
01110
01110
01110
01110
10011
10011
10011
10011
10011
10011
00001
10011
00001
10011
00010
00001
00001
00001
00001
00001
00001
00001
00001
00001
00001
00001
00001
00001
00001
00001
00001
00001
00001
00001
00001
00001
00001
00001
00001
00001
00001
00001
00001
00001
00001
00001
00001
00001
00001