00101
00101
00101
00101
00101
00101
00101
00101
00101
00101
00101
00101
00101
01100
01100
01100
01100
01100
01100
01100
01100
01100
01100
01100
01100
01100
01100
01100
01100
01100
01100
01100
01100
01100
01100
01100
01100
01100
01100
01100
01100
01100
01100
01100
01100
01100
01100
01100
01100
01100
01100
01100
01100
01100
01100
01100
01100
01100
01100
01100
01100
01100
01100
01100
01100
01100
01100
01100
01100
01100
01100
01100
01100
01100
01100
01100
01100
01100
01100
01100
01100
01100
01100
01100
01100
01100
01100
01100
01100
01100
01100
01100
01100
01100
01100
01100
01100
01100
01100
01100